init done with 
memory test
ram start 0x20000000 
mem size 65536 bytes
heap start 0x200005e4, current 0x200005e4 

mem test done with 0
motor test
motors step response : 

0, 255, 0, 0,  0.000,  0.000
6, 255, 1, 2,  75.000,  150.000
12, 255, 5, 6,  352.500,  405.000
18, 255, 11, 11,  696.750,  658.499
24, 255, 17, 18,  937.724,  985.949
30, 255, 26, 26,  1331.407,  1290.164
37, 255, 36, 36,  1681.985,  1653.115
44, 255, 48, 48,  2077.389,  2057.180
51, 255, 59, 59,  2279.172,  2265.026
58, 255, 72, 71,  2570.420,  2485.518
65, 255, 85, 83,  2774.294,  2639.862
72, 255, 98, 95,  2917.006,  2747.903
79, 255, 111, 108,  3016.904,  2898.532
86, 255, 125, 120,  3161.833,  2928.972
93, 255, 138, 133,  3188.282,  3025.281
100, 255, 152, 146,  3281.798,  3092.696
107, 255, 166, 159,  3347.258,  3139.887
114, 255, 180, 172,  3393.081,  3172.921
121, 255, 194, 185,  3425.156,  3196.044
128, 255, 208, 199,  3447.609,  3287.231
135, 255, 222, 212,  3463.326,  3276.062
142, 255, 237, 225,  3549.328,  3268.243
149, 255, 251, 239,  3534.530,  3337.770
156, 255, 265, 252,  3524.170,  3311.439
163, 255, 279, 265,  3516.919,  3293.007
170, 255, 294, 279,  3586.843,  3355.104
177, 255, 308, 292,  3560.790,  3323.573
184, 255, 322, 305,  3542.553,  3301.501
191, 255, 337, 319,  3604.787,  3361.051
198, 255, 351, 332,  3573.350,  3327.735
205, 255, 366, 345,  3626.345,  3304.414
212, 255, 380, 359,  3588.441,  3363.090
219, 255, 394, 372,  3561.909,  3329.163
226, 255, 409, 385,  3618.336,  3305.414
233, 255, 423, 399,  3582.835,  3363.789
240, 255, 438, 413,  3632.984,  3404.652
247, 255, 453, 426,  3668.089,  3358.256
254, 255, 467, 439,  3617.662,  3325.779
261, 255, 482, 453,  3657.363,  3378.045
268, 255, 496, 466,  3610.154,  3339.632
275, 255, 511, 479,  3652.108,  3312.742
282, 255, 525, 493,  3606.475,  3368.919
289, 255, 539, 506,  3574.532,  3333.243
296, 255, 554, 519,  3627.173,  3308.270
303, 255, 568, 533,  3589.021,  3365.789
310, 255, 583, 546,  3637.314,  3331.052
317, 255, 597, 559,  3596.120,  3306.736
324, 255, 612, 573,  3642.284,  3364.715
331, 255, 627, 586,  3674.598,  3330.301
338, 255, 641, 600,  3622.219,  3381.210
345, 255, 656, 613,  3660.553,  3341.847
352, 255, 670, 626,  3612.387,  3314.293
359, 255, 684, 640,  3578.671,  3370.005
366, 255, 699, 653,  3630.069,  3334.003
373, 255, 713, 666,  3591.048,  3308.802
380, 255, 728, 680,  3638.734,  3366.161
387, 255, 742, 693,  3597.113,  3331.312
394, 255, 757, 706,  3642.979,  3306.918
401, 255, 771, 720,  3600.085,  3364.843
408, 255, 786, 733,  3645.060,  3330.390
415, 255, 801, 746,  3676.541,  3306.272
422, 255, 815, 760,  3623.579,  3364.391
429, 255, 829, 773,  3586.505,  3330.073
436, 255, 844, 786,  3635.553,  3306.051
443, 255, 858, 800,  3594.887,  3364.236
450, 255, 873, 813,  3641.421,  3329.965
457, 255, 887, 826,  3598.994,  3305.975
464, 255, 902, 840,  3644.296,  3364.182
471, 255, 916, 854,  3601.007,  3404.927
478, 255, 931, 867,  3645.705,  3358.449
485, 255, 945, 880,  3601.993,  3325.914
492, 255, 959, 894,  3571.395,  3378.140
499, 255, 974, 907,  3624.976,  3339.697
506, 255, 988, 920,  3587.483,  3312.788
513, 255, 1003, 934,  3636.238,  3368.951
520, 255, 1017, 947,  3595.366,  3333.266
527, 255, 1032, 960,  3641.756,  3308.286
534, 255, 1046, 974,  3599.229,  3365.800
541, 255, 1061, 987,  3644.460,  3331.060
548, 255, 1075, 1000,  3601.122,  3306.742
555, 255, 1089, 1014,  3570.785,  3364.719
562, 255, 1104, 1028,  3624.549,  3405.303
569, 255, 1118, 1041,  3587.184,  3358.712
576, 255, 1133, 1054,  3636.029,  3326.098
583, 255, 1147, 1068,  3595.220,  3378.269
590, 255, 1162, 1081,  3641.654,  3339.788
597, 255, 1176, 1094,  3599.157,  3312.852
604, 255, 1191, 1108,  3644.410,  3368.996
611, 255, 1205, 1121,  3601.087,  3333.297
618, 255, 1219, 1134,  3570.761,  3308.308
625, 255, 1234, 1148,  3624.532,  3365.815
632, 255, 1248, 1161,  3587.172,  3331.071
639, 255, 1263, 1174,  3636.020,  3306.749
646, 255, 1277, 1188,  3595.214,  3364.724
653, 255, 1292, 1201,  3641.650,  3330.307
660, 255, 1307, 1215,  3674.155,  3381.215
667, 255, 1321, 1228,  3621.908,  3341.850
674, 255, 1336, 1241,  3660.335,  3314.295
681, 255, 1350, 1255,  3612.235,  3370.006
688, 255, 1364, 1268,  3578.564,  3334.004
695, -255, 1379, 1281,  3629.995,  3308.803
702, -255, 1391, 1293,  3440.996,  3216.162
709, -255, 1397, 1298,  2858.697,  2626.313
716, -255, 1399, 1299,  2151.088,  1913.419
723, -255, 1397, 1298,  1355.761,  1264.393
730, -255, 1393, 1294,  649.033,  585.075
737, -255, 1386, 1288, -70.676, -40.447
744, -255, 1377, 1281, -724.473, -553.312
751, -255, 1366, 1274, -1332.131, -912.319
758, -255, 1356, 1265, -1682.492, -1313.623
765, -255, 1343, 1256, -2152.744, -1594.536
772, -255, 1331, 1247, -2406.921, -1791.175
779, -255, 1319, 1238, -2584.844, -1928.822
786, -255, 1306, 1228, -2784.391, -2100.175
793, -255, 1293, 1219, -2924.073, -2145.123
800, -255, 1280, 1209, -3021.851, -2251.585
807, -255, 1266, 1199, -3165.296, -2326.110
814, -255, 1253, 1189, -3190.707, -2378.277
821, -255, 1239, 1179, -3283.495, -2414.793
828, -255, 1226, 1168, -3273.446, -2515.355
835, -255, 1212, 1158, -3341.412, -2510.749
842, -255, 1198, 1148, -3388.988, -2507.524
849, -255, 1184, 1137, -3422.291, -2580.266
856, -255, 1171, 1127, -3370.604, -2556.186
863, -255, 1156, 1116, -3484.422, -2614.330
870, -255, 1142, 1106, -3489.095, -2580.031
877, -255, 1128, 1095, -3492.367, -2631.021
884, -255, 1114, 1085, -3494.656, -2591.715
891, -255, 1101, 1074, -3421.259, -2639.200
898, -255, 1086, 1064, -3519.881, -2597.440
905, -255, 1072, 1053, -3513.917, -2643.208
912, -255, 1058, 1042, -3509.741, -2675.245
919, -255, 1044, 1032, -3506.819, -2622.672
926, -255, 1030, 1021, -3504.773, -2660.870
933, -255, 1016, 1011, -3503.341, -2612.609
940, -255, 1002, 1000, -3502.338, -2653.826
947, -255, 988, 989, -3501.637, -2682.678
954, -255, 973, 979, -3576.145, -2627.874
961, -255, 959, 969, -3553.302, -2589.512
968, -255, 946, 958, -3462.311, -2637.658
975, -255, 931, 947, -3548.617, -2671.360
982, -255, 917, 937, -3534.032, -2619.952
989, -255, 903, 926, -3523.822, -2658.966
996, -255, 889, 916, -3516.675, -2611.276
1003, -255, 874, 905, -3586.673, -2652.893
1010, -255, 861, 894, -3485.671, -2682.025
1017, -255, 846, 884, -3564.969, -2627.417
1024, -255, 832, 873, -3545.478, -2664.192
1031, -255, 818, 863, -3531.835, -2614.934
1038, -255, 804, 852, -3522.284, -2655.454
1045, -255, 790, 841, -3515.599, -2683.817
1052, -255, 776, 831, -3510.919, -2628.672
1059, -255, 762, 820, -3507.643, -2665.070
1066, -255, 748, 809, -3505.350, -2690.549
1073, -255, 733, 799, -3578.745, -2633.384
1080, -255, 719, 789, -3555.121, -2593.369
1087, -255, 705, 778, -3538.584, -2640.358
1094, -255, 691, 767, -3527.009, -2673.250
1101, -255, 677, 756, -3518.906, -2696.275
1108, -255, 663, 746, -3513.234, -2637.392
1115, -255, 649, 736, -3509.264, -2596.174
1122, -255, 634, 725, -3581.484, -2642.322
1129, -255, 621, 714, -3482.039, -2674.625
1136, -255, 607, 704, -3487.427, -2622.237
1143, -255, 592, 693, -3566.199, -2660.566
1150, -255, 578, 683, -3546.339, -2612.396
1157, -255, 564, 672, -3532.437, -2653.677
1164, -255, 550, 661, -3522.706, -2682.574
1171, -255, 536, 651, -3515.894, -2627.801
1178, -255, 522, 640, -3511.125, -2664.461
1185, -255, 508, 630, -3507.788, -2615.122
1192, -255, 494, 619, -3505.451, -2655.585
1199, -255, 479, 609, -3578.816, -2608.910
1206, -255, 466, 598, -3480.171, -2651.237
1213, -255, 451, 587, -3561.119, -2680.865
1220, -255, 437, 577, -3542.783, -2626.606
1227, -255, 423, 566, -3529.948, -2663.624
1234, -255, 409, 556, -3520.964, -2614.536
1241, -255, 395, 545, -3514.674, -2655.175
1248, -255, 381, 534, -3510.272, -2683.623
1255, -255, 367, 524, -3507.190, -2628.536
1262, -255, 353, 514, -3505.033, -2589.975
1269, -255, 338, 503, -3578.523, -2637.982
1276, -255, 324, 492, -3554.966, -2671.587
1283, -255, 311, 482, -3463.476, -2620.111
1290, -255, 296, 471, -3549.433, -2659.077
1297, -255, 282, 461, -3534.603, -2611.354
1304, -255, 268, 450, -3524.222, -2652.947
1311, -255, 254, 439, -3516.955, -2682.063
1318, -255, 240, 429, -3511.868, -2627.444
1325, -255, 226, 419, -3508.308, -2589.210
1332, -255, 212, 408, -3505.815, -2637.447
1339, -255, 198, 397, -3504.071, -2671.213
1346, -255, 184, 386, -3502.849, -2694.849
1353, -255, 169, 376, -3576.994, -2636.394
1360, -255, 156, 366, -3478.896, -2595.475
1367, -255, 141, 355, -3560.227, -2641.833
1374, -255, 127, 344, -3542.159, -2674.282
1381, -255, 113, 334, -3529.511, -2621.998
1388, -255, 99, 323, -3520.657, -2660.398
1395, -255, 85, 313, -3514.460, -2612.279
1402, -255, 71, 302, -3510.122, -2653.595
1409, -255, 57, 291, -3507.085, -2682.516
1416, -255, 43, 281, -3504.959, -2627.761
1423, -255, 29, 271, -3503.471, -2589.432
1430, -255, 14, 260, -3577.430, -2637.603
1437, -255, 1, 249, -3479.201, -2671.322
1444, -255, -13, 239, -3485.440, -2619.925
1451, -255, -28, 228, -3564.808, -2658.947
1458, -255, -42, 218, -3545.365, -2611.263
1465, -255, -56, 207, -3531.755, -2652.884
1472, -255, -70, 196, -3522.229, -2682.019
1479, -255, -84, 186, -3515.560, -2627.413
1486, -255, -98, 176, -3510.892, -2589.189
1493, -255, -112, 165, -3507.624, -2637.432
1500, -255, -126, 154, -3505.337, -2671.202
1507, -255, -140, 144, -3503.736, -2619.841
1514, -255, -154, 133, -3502.615, -2658.889
1521, -255, -168, 123, -3501.830, -2611.222
1528, -255, -182, 112, -3501.281, -2652.855
1535, -255, -197, 101, -3575.896, -2681.999
1542, -255, -211, 91, -3553.127, -2627.399
1549, -255, -224, 81, -3462.189, -2589.179
1556, -255, -239, 70, -3548.532, -2637.425
1563, -255, -253, 59, -3533.972, -2671.197
1570, -255, -267, 49, -3523.780, -2619.838
1577, -255, -281, 38, -3516.646, -2658.886
1584, -255, -295, 28, -3511.652, -2611.220
1591, -255, -309, 17, -3508.156, -2652.854
1598, -255, -323, 7, -3505.709, -2606.998
1605, -255, -337, -4, -3503.996, -2649.898
1612, -255, -351, -14, -3502.797, -2604.928
1619, -255, -365, -25, -3501.958, -2648.450
1626, -255, -379, -36, -3501.370, -2678.915
1633, -255, -393, -46, -3500.959, -2625.240
1640, -255, -407, -56, -3500.671, -2587.668
1647, -255, -422, -67, -3575.470, -2636.367
1654, -255, -436, -78, -3552.829, -2670.457
1661, -255, -449, -88, -3461.980, -2619.320
1668, -255, -463, -99, -3473.386, -2658.523
1675, -255, -478, -109, -3556.370, -2610.966
1682, -255, -492, -120, -3539.459, -2652.676
1689, -255, -506, -130, -3527.621, -2606.873
1696, -255, -520, -141, -3519.334, -2649.811
1703, -255, -534, -151, -3513.534, -2604.867
1710, -255, -548, -162, -3509.474, -2648.407
1717, -255, -562, -173, -3506.631, -2678.885
1724, -255, -576, -183, -3504.642, -2625.219
1731, -255, -589, -194, -3428.249, -2662.653
1738, -255, -604, -204, -3524.774, -2613.857
1745, -255, -617, -215, -3442.342, -2654.700
1752, -255, -631, -225, -3459.639, -2608.290
1759, -255, -646, -236, -3546.747, -2650.802
1766, -255, -660, -246, -3532.723, -2605.562
1773, -255, -674, -257, -3522.906, -2648.893
1780, -255, -688, -268, -3516.034, -2679.225
1787, -255, -702, -278, -3511.224, -2625.457
1794, -255, -716, -289, -3507.856, -2662.820
1801, -255, -730, -299, -3505.499, -2613.974
1808, -255, -744, -310, -3503.849, -2654.781
1815, -255, -759, -320, -3577.694, -2608.347
1822, -255, -772, -331, -3479.386, -2650.843
1829, -255, -786, -341, -3485.570, -2605.590
1836, -255, -800, -352, -3489.899, -2648.913
1843, -255, -815, -363, -3567.929, -2679.239
1850, -255, -829, -373, -3547.550, -2625.467
1857, -255, -843, -384, -3533.285, -2662.827
1864, -255, -857, -394, -3523.299, -2613.979
1871, -255, -871, -405, -3516.309, -2654.785
1878, -255, -885, -416, -3511.416, -2683.349
1885, -255, -899, -426, -3507.991, -2628.344
1892, -255, -913, -436, -3505.594, -2589.841
1899, -255, -927, -447, -3503.916, -2637.888
1906, -255, -941, -458, -3502.741, -2671.522
1913, -255, -955, -468, -3501.918, -2620.065
1920, -255, -970, -479, -3576.343, -2659.045
1927, -255, -984, -489, -3553.440, -2611.331
1934, -255, -997, -500, -3462.408, -2652.932
1941, -255, -1012, -511, -3548.685, -2682.052
1948, -255, -1026, -521, -3534.080, -2627.436
1955, -255, -1040, -531, -3523.855, -2589.205
1962, -255, -1054, -542, -3516.699, -2637.443
1969, -255, -1068, -553, -3511.689, -2671.210
1976, -255, -1082, -563, -3508.182, -2619.847
1983, -255, -1096, -574, -3505.727, -2658.893
1990, -255, -1110, -584, -3504.009, -2611.225
1997, -255, -1124, -595, -3502.806, -2652.857
2004, -255, -1138, -605, -3501.964, -2607.000
2011, -255, -1152, -616, -3501.375, -2649.899
2018, -255, -1166, -626, -3500.962, -2604.929
2025, -255, -1180, -637, -3500.673, -2648.450
2032, -255, -1195, -648, -3575.471, -2678.915
2039, -255, -1209, -658, -3552.830, -2625.240
2046, -255, -1222, -669, -3461.980, -2662.668
2053, -255, -1237, -679, -3548.386, -2613.867
2060, -255, -1251, -690, -3533.870, -2654.707
2067, -255, -1265, -700, -3523.709, -2608.295
2074, -255, -1279, -711, -3516.596, -2650.806
2081, -255, -1293, -721, -3511.617, -2605.564
2088, -255, -1307, -732, -3508.132, -2648.895
2095, 0, -1321, -743, -3505.692, -2679.226
2102, 0, -1334, -752, -3428.984, -2550.458
2109, 0, -1344, -760, -3150.289, -2385.320
2116, 0, -1352, -765, -2805.202, -2044.724
2123, 0, -1358, -770, -2413.641, -1806.307
2130, 0, -1362, -773, -1989.549, -1489.414
2137, 0, -1366, -775, -1692.684, -1192.590
2144, 0, -1368, -776, -1334.879, -909.813
2151, 0, -1370, -778, -1084.415, -786.869
2158, 0, -1371, -779, -834.090, -625.808
2165, 0, -1371, -779, -583.863, -438.065
2172, 0, -1372, -779, -483.704, -306.646
2179, 0, -1372, -780, -338.593, -289.652
2186, 0, -1373, -780, -312.015, -202.756
2193, 0, -1373, -780, -218.410, -141.929
2200, 0, -1373, -780, -152.887, -99.350
2207, 0, -1372, -780, -32.021, -69.545
2214, 0, -1372, -780, -22.414, -48.681
2221, 0, -1372, -780, -15.690, -34.077
2228, 0, -1372, -780, -10.983, -23.854
2235, 0, -1372, -780, -7.688, -16.697
2242, 0, -1372, -780, -5.381, -11.688
2249, 0, -1372, -780, -3.767, -8.181
2256, 0, -1372, -780, -2.637, -5.727
2263, 0, -1372, -780, -1.845, -4.009
2270, 0, -1372, -780, -1.292, -2.806
2277, 0, -1372, -780, -0.904, -1.964
2284, 0, -1372, -780, -0.633, -1.375
2291, 0, -1372, -780, -0.443, -0.962
2298, 0, -1372, -780, -0.310, -0.673
2305, 0, -1372, -780, -0.217, -0.471
2312, 0, -1372, -780, -0.152, -0.330
2319, 0, -1372, -780, -0.106, -0.231
2326, 0, -1372, -780, -0.074, -0.161
2333, 0, -1372, -780, -0.052, -0.113
2340, 0, -1372, -780, -0.036, -0.079
2347, 0, -1372, -780, -0.025, -0.055
2354, 0, -1372, -780, -0.017, -0.038
2361, 0, -1372, -780, -0.012, -0.027
2368, 0, -1372, -780, -0.008, -0.019
2375, 0, -1372, -780, -0.006, -0.013
2382, 0, -1372, -780, -0.004, -0.009
2389, 0, -1372, -780, -0.003, -0.006
2396, 0, -1372, -780, -0.002, -0.004
2403, 0, -1372, -780, -0.001, -0.003
2410, 0, -1372, -780, -0.001, -0.002
2417, 0, -1372, -780, -0.000, -0.001
2424, 0, -1372, -780, -0.000, -0.001
2431, 0, -1372, -780, -0.000, -0.000
2438, 0, -1372, -780, -0.000, -0.000
2445, 0, -1372, -780, -0.000, -0.000
2452, 0, -1372, -780, -0.000, -0.000
2459, 0, -1372, -780, -0.000, -0.000
2466, 0, -1372, -780, -0.000, -0.000
2473, 0, -1372, -780, -0.000, -0.000
2480, 0, -1372, -780, -0.000, -0.000
2487, 0, -1372, -780, -0.000, -0.000
2494, 0, -1372, -780, -0.000, -0.000
2501, 0, -1372, -780, -0.000, -0.000
2508, 0, -1372, -780, -0.000, -0.000
2515, 0, -1372, -780, -0.000, -0.000
2522, 0, -1372, -780, -0.000, -0.000
2529, 0, -1372, -780, -0.000, -0.000
2536, 0, -1372, -780, -0.000, -0.000
2543, 0, -1372, -780, -0.000, -0.000
2550, 0, -1372, -780, -0.000, -0.000
2557, 0, -1372, -780, -0.000, -0.000
2564, 0, -1372, -780, -0.000, -0.000
2571, 0, -1372, -780, -0.000, -0.000
2578, 0, -1372, -780, -0.000, -0.000
2585, 0, -1372, -780, -0.000, -0.000
2592, 0, -1372, -780, -0.000, -0.000
2599, 0, -1372, -780, -0.000, -0.000
2606, 0, -1372, -780, -0.000, -0.000
2613, 0, -1372, -780, -0.000, -0.000
2620, 0, -1372, -780, -0.000, -0.000
2627, 0, -1372, -780, -0.000, -0.000
2634, 0, -1372, -780, -0.000, -0.000
2641, 0, -1372, -780, -0.000, -0.000
2648, 0, -1372, -780, -0.000, -0.000
2655, 0, -1372, -780, -0.000, -0.000
2662, 0, -1372, -780, -0.000, -0.000
2669, 0, -1372, -780, -0.000, -0.000
2676, 0, -1372, -780, -0.000, -0.000
2683, 0, -1372, -780, -0.000, -0.000
2690, 0, -1372, -780, -0.000, -0.000
2697, 0, -1372, -780, -0.000, -0.000
2704, 0, -1372, -780, -0.000, -0.000
2711, 0, -1372, -780, -0.000, -0.000
2718, 0, -1372, -780, -0.000, -0.000
2725, 0, -1372, -780, -0.000, -0.000
2732, 0, -1372, -780, -0.000, -0.000
2739, 0, -1372, -780, -0.000, -0.000
2746, 0, -1372, -780, -0.000, -0.000
2753, 0, -1372, -780, -0.000, -0.000
2760, 0, -1372, -780, -0.000, -0.000
2767, 0, -1372, -780, -0.000, -0.000
2774, 0, -1372, -780, -0.000, -0.000
2781, 0, -1372, -780, -0.000, -0.000
2788, 0, -1372, -780, -0.000, -0.000
motor test done
