      954       26        0        0        0        0        0
       26      973       29        0        0        0        0
        0       16      941       36        0        0        0
        0        0       18      963       22        0        0
        0        0        0       32      917       38        0
        0        0        0        0       31      898       27
        0        0        0        0        0       57      996

   97.347   95.862   95.243   93.404   94.536   90.433   97.361      


     6642      358   94.886%        
