      977        0        0        0        0        0        0        0
        0      978        0        0        0        0        0        0
        0        1      966        0        0        0        0        0
        0        0        0     1012        1        0        0        0
        0        0        0        1     1028        0        0        0
        0        0        0        0        0     1036        0        0
        0        0        0        0        0        4     1055        0
        0        0        0        0        0        0        2      939

      100   99.898      100   99.901   99.903   99.615   99.811      100      


     7991        9   99.887%        
