     1005        0        0        0        0        0        0        0
        0      999        0        0        0        0        0        0
        0        0     1018        0        0        0        0        0
        0        0        0      969        1        0        0        0
        0        0        0        1     1031        0        0        0
        0        0        0        0        1      959        1        0
        0        0        0        0        0        1     1014        1
        0        0        0        0        0        0        4      995

      100      100      100   99.897   99.806   99.896   99.509     99.9      


     7990       10   99.875%        
