      985       13        0        0        0        0        1
       44      995       16        0        0        0        0
        0       25      939       23        0        0        0
        0        0       26      927       15        0        0
        0        0        0       33      929       27        1
        0        0        0        0       33      962       39
        0        0        0        0        0       40      927

   95.724   96.321   95.719   94.303   95.087   93.489   95.764      


     6664      336     95.2%        
