      943        0        0        0        0        0        1        0
        0      975        0        0        0        0        0        0
        0        0     1042        0        0        0        0        0
        0        0        0      990        0        0        0        0
        0        0        0        0     1042        0        0        0
        0        0        0        0        0     1019        0        0
        0        0        0        0        0        0     1020        0
        0        0        0        0        0        1        0      967

      100      100      100      100      100   99.902   99.902      100      


     7998        2   99.975%        
