      981       18        0        0        0        0        0
       32      986       38        0        0        0        0
        0       24      921       26        0        0        0
        0        0       30      909       47        0        0
        0        0        0       31      898       26        1
        0        0        0        0       59      940       45
        0        0        0        0        0       49      939

   96.841   95.914   93.124   94.099   89.442   92.611    95.33      


     6574      426   93.914%        
