      993       28        0        0        0        0        0
       25      987       22        0        0        0        0
        0       27      992       26        0        0        0
        0        0       20      910       25        0        0
        0        0        0       30      913       14        4
        0        0        0        0       53      908       31
        1        0        0        0        0       48      943

   97.448   94.722   95.938   94.203   92.129   93.608   96.421      


     6646      354   94.943%        
