     1067        0        0        0        0        0        0        0
        0      979        0        0        0        0        0        1
        0        1      984        0        0        0        0        0
        0        0        0     1031        1        0        0        0
        0        0        0        2      986        0        0        0
        0        0        0        0        0      981        0        0
        0        0        0        0        0        0      995        1
        0        0        0        0        0        0        2      969

      100   99.898      100   99.806   99.899      100   99.799   99.794      


     7992        8     99.9%        
