      932      303        1        0        0        0        0        0
       14      500        3        0        0        0        0        0
       23      217      970       67        0        0        0        0
        7        3       35      847       76        0        1        0
       15        6        3       75      814       34        4        1
        8        4        0        1       86      837       74       11
       14        1        0        0        2      103      774      125
        9        0        0        0        0        0      138      862

   91.194   48.356    95.85   85.556   83.231   85.934   78.103   86.286      


     6536     1464     81.7%        
