     1044        0        0        0        0        0        0
        0     1023        0        0        0        0        0
        0        0      976        0        0        0        0
        0        0        0      996        0        0        0
        0        0        0        0      991        0        0
        0        0        0        0        0      968        0
        0        0        0        0        0        0     1002

      100      100      100      100      100      100      100      


     7000        0      100%        
