      830      140        1        0        0        1        0
      164      581        6        0        0        0        1
        3      246      912      138        0        0        0
        1        0       53      769      181        0        0
        8        0        0       71      756       76        5
       15        7        1        0       69      829      186
       15       17        4        0       17       95      802

   80.116   58.628   93.347    78.63     73.9   82.817   80.684      


     5479     1521   78.271%        
