     1043        0        0        0        0        0        0        0
        0      979        0        0        0        0        0        0
        0        0     1040        0        2        0        0        0
        0        0        0      965        2        0        0        0
        0        0        0       11     1015        0        0        0
        2        0        0        0        2      964        0        0
        0        0        0        0        0        0     1019        1
        0        0        0        0        0        0        2      953

   99.809      100      100   98.873   99.412      100   99.804   99.895      


     7978       22   99.725%        
