      989      106        0        1        0        2        8        3
       27      835       56        0        0        0        0        0
        0       65      884      227        0        0        0        0
        0        0       23      672       85        0        0        0
        0        0        0       98      755       48        0        0
        0        0        0        0      151      907      104        6
        0        0        0        0        0       63      715      175
        3        0        1        0        0        6      167      818

   97.056   83.002   91.701   67.335   76.186   88.402   71.932   81.637      


     6575     1425   82.188%        
