     1059        1        0        0        0        0        0
        0      943        0        0        0        0        0
        0        0     1013        0        0        0        0
        0        0        0     1001        0        0        0
        0        0        0        0     1025        0        0
        0        0        0        0        0      989        1
        0        0        0        0        0        0      968

      100   99.894      100      100      100      100   99.897      


     6998        2   99.971%        
