     1029        6        0        0        0        0        0
       71      961       28        0        0        0        0
        0       27      933       24        0        0        0
        0        0       35      940       23        0        0
        0        0        0       31      898       19        0
        0        0        0        0       42      925       58
        2        0        0        0        0       51      897

   93.376    96.68   93.675   94.472    93.25   92.965   93.927      


     6583      417   94.043%        
