     1050        1        0        0        0        0        0        0
        0      996        0        0        0        0        0        0
        0        0      937        0        0        0        0        0
        0        0        0      979        0        0        0        0
        0        0        0        0      994        1        0        0
        0        0        0        0        0      987        1        0
        0        0        0        0        0        2     1054        0
        0        0        0        0        0        0        2      996

      100     99.9      100      100      100   99.697   99.716      100      


     7993        7   99.912%        
