      924        4        0        0        0        0        1
       72     1022       26        0        0        0        1
        0       25      985       36        0        0        0
        0        0       31      887       38        0        0
        0        0        0       33      884       40        2
        0        0        0        0      105      754       37
        5        0        0        0        0      189      899

   92.308   97.241    94.53   92.782   86.076   76.704   95.638      


     6355      645   90.786%        
