     1001        0        0        0        0        0        0
        0     1051        0        0        0        0        0
        0        0     1042        0        0        0        0
        0        0        0      956        0        0        0
        0        0        0        0     1027        0        0
        0        0        0        0        0      982        0
        0        0        0        0        0        1      940

      100      100      100      100      100   99.898      100      


     6999        1   99.986%        
