      547        1        0        0        0        0        0
      339      906       82        0        1        2        6
       32       63      825      118        1        5       13
       38        0       73      792      190        6        3
        2        0        0       88      714       63        1
       34        1        0        1      149      751      174
       67        1        0        0        3      130      778

   51.653    93.21   84.184   79.279   67.486   78.474   79.795      


     5313     1687     75.9%        
