      988        0        0        0        0        0        0        0
        0     1008        0        0        0        0        0        0
        2        0     1017        0        0        0        0        0
        0        0        0     1008        0        0        0        0
        0        0        0        1     1008        0        0        0
        1        0        0        0        0      956        0        0
        2        0        0        0        0        1     1023        1
        0        0        0        0        0        0        3      981

   99.496      100      100   99.901      100   99.896   99.708   99.898      


     7989       11   99.863%        
